0.5920546729119914
0.6326217437796624
0.8226723909012118
0.5345669825733318
0.7923354230035166
0.7311716078192863
0.581899835297159
0.6372470912871904
0.8613405533467824
0.6605730605498922
0.6974509713515122
0.7787998252474525
0.4435246924837077
0.3372449765449066
0.7711058371601136
0.6382824305751014
0.6683827873647857
0.6482634539879696
0.5784861195038257
0.7155178470479032
0.9132527773203668
0.6250970725372561
0.4578514895608592
0.7586796101753428
0.9481616832001348
0.6760379708218303
0.5794408571462673
0.7393619915489419
0.6538443403694871
0.5585865822300593
0.4919753732992493
0.6677324350529724
0.902635370434883
0.5918591016131597
0.646014120848724
0.6268463216054742
0.8081195375540097
0.7796646916174689
0.7541907651049192
0.8604257848768441
0.6580143361111087
0.9011331039382516
0.3841235758241029
0.8409247140922923
0.8301642154679203
0.6821266159722934
0.6451360297127947
0.5843256401335136
0.8057605060130862
0.6097270320148226
0.7725500540861561
0.7264287616893683
0.6087973075966492
0.8394233564106712
0.6014775251624174
0.4498092539594357
0.6322229580520572
0.5906845804611368
0.5153011145813532
0.6469315637343771
0.6747550027600894
0.666620057377582
0.5023524988678352
0.660378637324411
0.485963072237734
0.44667447359530377
0.4988212420726081
0.6445349941299089
0.7701374185995756
0.9014660319241418
0.7403433455742892
0.7983204780343157
0.9386786106532381
0.9197534178584277
0.551795060032749
0.5921330835961798
0.8405298506205435
0.7924598183820205
0.5019050183389205
0.6737710294390914
0.5147741036269167
0.5094377973147534
0.7778469564138675
0.6868117491929844
0.28354336277876735
0.6592409499060555
0.4231461961634445
0.7254959671731056
0.4746938782421895
0.8751250824591437
0.7808112495766354
0.6076197693252596
0.6573735102769874
0.697394957208549
0.6083293837328518
0.5923868653623535
0.6022401378622206
0.6277602441774767
0.615123163651673
0.6786412657341843
0.5238767513389586
0.9348644378572945
0.568752754839876
0.46394609632644146
0.7123585078395716
0.6724857863828455
0.6652146650819076
0.6330161189797838
0.44710093163052744
0.8574650690887251
0.7819329087201152
0.48539513569668025
0.8694654863011625
0.8715729806504319
0.5454010204733547
0.6951453806708172
0.5561681000784531
0.6853613355703083
0.8836925133814596
0.9718287466215684
0.904488384615199
0.7935796496819153
0.6433375687060083
0.6741523613259351
0.6714881647644079
0.6112655091421193
0.680268939656288
0.6211163269920028
0.7575907743264597
0.607962096812978
0.8308726273190408
0.6968114569752893
0.7655365058770989
0.7801513737744045
0.8488329340323599
0.6798993013726297
0.6006017857284196
0.6360656833790655
0.6186431375137912
0.5908838100944207
0.7954794101246667
0.6123827940003513
0.9224221991678134
0.5140958207844262
0.9038667196065092
0.5527964134783098
0.643723031045387
0.7422018148868861
0.5127511607674641
0.9282746913630153
0.8753831042414142
0.6857980866565296
0.7916020326974957
0.6429542282085564
0.9109520401625538
0.5971004571090363
0.7083890038929754
0.7172529927540796
0.4832941554861184
0.4727069345478368
0.6672195313675312
0.8432824349439261
0.8599670154330122
0.7883439737421961
0.6857436976604692
0.6300232818737572
0.5843827894347482
0.7795610859170065
0.7336063019371486
0.7673879950888592
0.7002918639534081
0.6836866129874865
0.45548922435897654
0.7966112773946712
0.7294825666253718
0.8104238276669631
0.5371871141725314
0.9381248402409504
0.6976829722135776
0.7161669062513105
0.8454343714438377
0.5917092959730533
0.8973546993532929
0.6018814943084299
0.5770657285313812
0.8459336718912933
0.8809526777331372
0.7304045608180457
0.8064917890044567
0.634506953178624
0.4364668520400058
0.6456631553485087
0.6894257097168474
0.656634357572801
0.9755370269659005
0.4146848813615451
0.6615560013322721
0.8136154922791701
0.716816998101488
0.9092702608467964
0.6967396461321248
0.8635890594991539
0.43204631326716053
0.46785694738238104
0.7875761986685111
0.5592427540825851
0.5447380463168136
0.6388440806952473
0.6810468277525521
0.5402784818053548
0.5222391318803503
0.9630535673408653
0.44849840250180434
0.602081413766151
0.6992704903251006
0.7880878696227904
0.6174502037310027
0.4877613150337845
0.8712146022349851
0.5351883581515783
0.6324221716785096
0.5343117500700836
0.8380359555562304
0.6023285021828992
0.3959751782405176
0.8396007163606057
0.8599169458902536
0.6769841590147191
0.5898065206406389
0.674255963706776
0.7519320006934327
0.554365199931894
0.668789235660529
0.5555296641427485
0.44643369040125414
0.5277963836377025
0.5135079541940876
0.4924003429677323
0.6001034609789883
0.8550683356208488
0.5620228769014939
0.8341840437576704
0.6886466500237485
0.7809995970267465
0.7130562849038048
0.8938229006348538
0.5443239919331169
0.448670244015899
0.5886923224647622
0.6666007075956194
0.4402858322622489
0.5033124458426645
0.7523704620068071
0.655253066214726
0.4639917584278826
0.8283485881658744
0.49411524366645293
0.6259242475411079
0.936852441042268
0.7726247491117305
0.872297549456991
0.6617941171727083
0.8492870056506898
0.5758456834403107
0.5547982021319714
0.8262293010189773
0.6630970010438663
0.8560671436566227
0.9389695963458945
0.532658677743151
0.7641648531017361
0.7859466737182316
0.8320896316518064
0.8261616878525171
0.626816094012452
0.5733376230482236
0.755282076989983
0.7536952321390723
0.7173503262664052
0.6738046289085113
0.5360848925204343
0.40144989093275407
0.7097698398700167
0.5531947251606641
0.8231941376523461
0.7563716211914377
0.4475900111745073
0.7404798609404765
0.4678201953646807
0.4670067112088014
0.6235824294642529
0.9238369865263187
0.7152380121334698
0.8037068591869518
0.8921398265952234
0.8778067057609433
0.39175468661836765
0.767165071088655
0.7122328962996543
0.3834468920343142
0.9024322759502894
0.668087058129305
0.5387873928314366
0.7134433018814887
0.8762748348342461
0.8570102357567055
0.6615233019852794
0.5655145258816655
0.7366625652136561
0.6555928235482897
0.8045053073559826
0.9452893693822888
0.7128715803337211
0.8541930974039006
0.5478225623624433
0.7209021514180017
0.7272048690256883
0.5250310449568287
0.6457370693841061
0.6718365012257053
0.6983587064505368
0.7798612385345823
0.8943908844841044
0.7818323512782589
0.6294076284174627
0.8184478120223717
0.4882252454079676
0.6232056635801163
0.7931684592892205
0.5117375776200028
0.693988896886848
0.8946590057598602
0.8540414763645018
0.6060459863119269
0.6678113136476106
0.5308799352918104
0.8035794745136964
0.8154825153741997
0.655642035226681
0.6265270973717522
0.7669778353066059
0.6139225996503562
0.6359945237977604
0.7213868130377912
0.76426028130682
0.749547382801282
0.46948795974605256
0.704169293037138
0.6899166118530343
0.7045199230017206
0.5794358780320059
0.530984600839337
0.5403711253235667
0.509048112601456
0.5040168090193357
0.8172939472104017
0.48683230331655647
0.6121143873901691
0.8581388100816392
0.5831659187614904
0.719958734822317
0.8299194274451808
0.5166103656996976
0.5957034499977721
0.5777134456011066
0.6273319403753636
0.7537189579296051
0.6746568756690653
0.6229427101968429
0.8167355522380872
0.7428054496144268
0.7891862428715234
0.6263017664551905
0.730100175328854
0.44852352576660126
0.7524989532708364
0.6846324617284699
0.45406498739125073
0.6136599969567199
0.7231813507753719
0.6434800832312951
0.7814078596223666
0.7718660853398999
0.7369612640754091
0.6651949250754147
0.4790339676717084
0.44144521844751483
0.7082346413688256
0.5924774870268086
0.5652758051384659
0.6218980321966651
0.7037581732782622
0.6349795116038188
0.7950694757278634
0.8807825423661696
0.4779334824519972
0.3867101149423353
0.7512582771881509
0.7840814952642879
0.6198778924117735
0.8033646062473653
0.6060779882380117
0.7412683919162518
0.4074843250564065
0.7141300177699926
0.6379959155582948
0.6559020923156453
0.8239352137041466
0.7644597734904627
0.539421071726694
0.5650880989174119
0.7117486178152135
0.5938888648782338
0.6609953387809254
0.4474015712639297
0.8069325629207439
0.6387319006870059
0.5663190517501916
0.8078074994047943
0.6790046164149881
0.6725781806033636
0.7872542911312043
0.6603670541201071
0.8102558538009542
0.7566803069741342
0.8606641942019497
0.6571478777818947
0.8664598993658887
0.7617580426721348
0.7036182016665252
0.8606331440537184
0.8157044960168481
0.5992963426321477
0.7804302866867228
0.5971124940324841
0.5301535705253253
0.43357784959956
0.7391177274578592
0.9094790336029387
0.651719556536905
0.7519595033269212
0.6058166447274398
0.47738596572357833
0.4674230924843777
0.6653766065465205
0.3576791703110099
0.6633663544180578
0.7582931030273754
0.7220994581195348
0.8185308454522688
0.6874509959895453
0.7678264454844932
0.7842771224712577
0.7157435865628096
0.464110078879459
0.5749204273887226
0.8610177358558925
0.6918538432277425
0.6680254197944708
0.738220805326735
0.7217195947767832
0.8997802195978316
0.8087430023848924
0.839377898705329
0.6181070777053657
0.7675194206492431
0.6723395466215073
0.7253340101388659
0.7683075338608109
0.6537718710337113
0.8147257861897184
0.704225881332762
0.6219575260598305
0.7046176325073873
0.8738072071598304
0.8100370273346814
0.8420535037940626
0.7742842441710808
0.8372681396581477
0.7176146713569234
0.8034471231445032
0.8242143895140841
0.6293866491092235
0.664040439005234
0.5406286695125605
0.8958472051334643
0.729237130815721
0.7850793815127214
0.7436353831408966
0.5439385441960216
0.5562229012555983
0.8411274804855717
0.6311398596410479
0.8332655307201329
0.8772496371868918
0.894518413042624
0.846813933086325
0.564750234517326
0.6470094849527794
0.7892651599443465
0.7232090622287826
0.7316111079537525
0.8697570668198868
0.77855463038293
0.7997548788286105
0.8287846968116677
0.8720661422552858
0.7740993191882239
0.9223177150836647
0.7795433923388606
0.7450557431693083
0.6351606045143532
0.6635491059918798
0.5841670538516125
0.7487798413246308
0.9064543249414877
0.8685903273243887
0.5972568074462402
0.8223939675208262
0.8242641457974584
0.5822936455505758
0.7698721774485795
0.9135501656709204
0.8104876100095315
0.7292186330961439
0.5338537546320973
0.8480936790001306
0.7604020078732291
0.9281914427278368
0.6947309845997304
0.7156661500657512
0.8618793513098004
0.6947948018633802
0.5417320934575991
0.6819998515826695
0.7566799991168706
0.7472249252842387
0.7241522193722513
0.934317393138817
0.8577984685024548
0.7204229772953338
0.793926404949342
0.9013142284946298
0.4247944837456139
0.7357530141445296
0.5467633000008243
0.6749295851395641
0.7576481038543192
0.8794299854115039
0.7644868890561068
0.6679557180137683
0.8010155561267013
0.729193700331993
0.7690821689806238
0.8758623720694025
0.8775166069386832
0.8026090818307361
0.6695520380989749
0.7800472877243885
0.5340028943970425
0.7597127202389626
0.8132138256394973
0.7937177477577497
0.5633037622465032
0.7832789685169742
0.6204683042058527
0.7253428165431355
0.4878402351670535
0.7871419430759933
0.7475068103799367
0.6940443817760096
0.45876415949578647
0.7812409814471074
0.7146256636959966
0.7010921176830401
0.6532887112856488
0.7323324344255417
0.7278528235589578
0.8822660760691221
0.6098496080968018
0.7728932767087643
0.9500292012474293
0.742334668552237
0.8086368906122825
0.725880749356013
0.889700719131591
0.4950776202898583
0.7938409900627591
0.6339772326833892
0.6639064006307042
0.5752695967126917
0.4721764017137214
0.865249060497534
0.7711562683170162
0.5301687106300178
0.49675173970270287
0.8019331458754159
0.960512296890661
0.5873058831037807
0.8327751155379646
0.8283347100218474
0.9182124487906714
0.5599217943243527
0.8585429235351729
0.7190889032458907
0.5902443583705562
0.7334896368502847
0.7891893171161971
0.8345962971868924
0.6399972433707026
0.44527343273028075
0.8635763061530356
0.8005588376106454
0.8913094567378772
0.6142916803038382
0.7843086765298339
0.5476888693226689
0.5382418724330649
0.771888638177977
0.6418193037880768
0.6410786052871762
0.5521239399732507
0.9075417225393412
0.4835598691819191
0.7800614632959878
0.6843747578536445
0.7018883555719329
0.8732165538809364
0.6455625326599065
0.8216982565837623
0.48885190596903894
0.8877848928794715
0.7958510676271506
0.4902026648897612
0.9114977330999202
0.8934335045433778
0.5959781674023166
0.8588031489516019
0.7539626689186579
0.7890666334646417
0.6477355158457581
0.7243499593165547
0.8259787864675876
0.6787786590317091
0.5781075330545534
0.6213389147321569
0.8614978110511656
0.8405706326596788
0.4787912793455976
0.9820682220098552
0.8455610701623452
0.44477262739552464
0.8279591877770973
0.5963412519148594
0.7933132811853167
0.5292733508218687
0.8822714494541158
0.8285604515665697
0.795787011502681
0.6623716495073625
0.7229279679626579
0.546105256781036
0.5763226877908639
0.6018025550624062
0.7711831449938769
0.8741819090749584
0.8479024589430721
0.7153549354601314
0.6344007771926091
0.8686657000737128
0.46471153651400515
0.7636190258100832
0.7812813264914118
0.677832466727809
0.8408611942852547
0.8759615120085847
0.5361339568659568
0.8452967403701402
0.737270936134888
0.7101453576064506
0.6666256331706476
0.779112625619098
0.6724707927520238
0.9056574114742959
0.7364824016066206
0.6444054088044996
0.5288735037528365
0.9076345287538846
0.600101535665324
0.8142657273060623
0.8346201861870193
0.5884472477278258
0.652313630011723
0.7110840914273584
0.5442313390361705
0.8865546121445648
0.8545613919755959
0.6820318916910011
0.7294930308465176
0.5893350804111568
0.6065953912304567
0.6750862311738941
0.45203099554736625
0.8014033658991693
0.798544113928037
0.7939826612182611
0.8278991765555135
0.6900808036373323
0.6672844846982182
0.6285122351802855
0.6496544206097433
0.6761816426134994
0.666199933765909
0.5532048636636318
0.7931994399881094
0.883226503765177
0.7576873278966213
0.6404162344472204
0.6254245051947348
0.7019003638894623
0.5037432851077555
0.5228529213650056
0.5313512147386327
0.6007397195627138
0.8142721371647668
0.813796893930956
0.8720398859533088
0.936994375216513
0.7824201817218192
0.5080236332059432
0.8941216723039939
0.8534384918765554
0.7821713916033747
0.7096342474445582
0.7003862237952705
0.804016568160244
0.8544526068388296
0.5217095976231065
0.7547022460421492
0.5684044703274552
0.7234980656126311
0.5584344358031794
0.6065693711068834
0.8335734748937266
0.885886391889942
0.7526731402480087
0.6845549739984357
0.7226438977338989
0.7592830566663158
0.6866819444082104
0.45659699075058546
0.5612848297174554
0.7356489949902904
0.835962350740541
0.7251322167371899
0.6670285242633399
0.7247938394707196
0.5888966897793547
0.6085367038352998
0.8422263288958948
0.647806049603896
0.8962184231518404
0.6786913172407825
0.9091878314588357
0.8165323961350563
0.793141286627253
0.7515783864066546
0.5608535311239756
0.709000868826188
0.7960501809234576
0.8278971097561441
0.6338909548892634
0.8389259763324609
0.5888810223395584
0.8215461032429737
0.8302014904588383
0.7069013166186126
0.6000774681711141
0.4944229147971124
0.6123101827496819
0.793791837605812
0.5184529958647803
0.5820754580830034
0.7221427238076288
0.7782035373047437
0.7411516118176822
0.7220691694498079
0.7074260612813399
0.8438120402147805
0.5309190053468237
0.577556070388225
0.8805283200070054
0.5734163271353012
0.7638393266837902
0.7401596885338259
0.9356169683977368
0.860281394435036
0.7268828487503466
0.8092472813188962
0.6385276469819169
0.8143011229721935
0.7956654974092746
0.7428914309256726
0.635515880303964
0.633956442800013
0.6944409829182665
0.664533611708214
0.9265867220835025
0.5601932474222359
0.5764184603487683
0.7769880323903462
0.8197309563467332
0.8448834935081343
0.8650740925584707
0.8897606744398978
0.6752252294239767
0.8383373973538752
0.8800219736589039
0.5551235084529192
0.7824352371212998
0.9201949173211035
0.8457451567163826
0.6988741636393759
0.6407954611758757
0.6456300645906726
0.7997814627752039
0.6490800278978841
0.7055787911901756
0.701098052726045
0.7751258624860123
0.8351856683490823
0.8145232033571652
0.9074642492049043
0.44928796247601155
0.824317054122929
0.7172659382472804
0.8000171461140414
0.7736197337055513
0.8319220105540113
0.6885276161156297
0.6916260826101508
0.7464061443804768
0.8248965055435599
0.8007412242602837
0.6943313192185305
0.5535033635074796
0.7802258081310065
0.7219258713202893
0.720074726813899
0.7116049382845145
0.6574923580407651
0.6958324146536029
0.736018085782191
0.8588794926553366
0.8649425020756567
0.8299915633859833
0.7183625941169487
0.8639772290467476
0.8440788829999206
0.8336869557971317
0.9180615327670835
0.3890857328945073
0.8190213118003618
0.9470194183781718
0.5796644512039806
0.6184967961346972
0.9618601833761076
0.861816029195886
0.7671205364421406
0.6403730001186627
0.8000292108568146
0.6194396099771321
0.6869312312577438
0.5708719774191964
0.685294493317453
0.7559862820752652
0.7185324204621467
0.7532875333282667
0.9220336091047378
0.6446451765814261
0.7323929898383434
0.8971074942156514
0.44820349928663783
0.2918175284767596
0.774173411036783
0.6594048678603615
0.8111497810476512
0.6464673978818145
0.8441053644980889
0.7021390314216103
0.803583154493717
0.5625250084610314
0.6677195807843399
0.8626866733537087
0.8340917565871735
0.84768991424353
0.6468414116798955
0.7743657308936394
0.69273654885083
0.8762557004949643
0.6743297744253988
0.8592752194212914
0.7803521023786237
0.3007641950088165
0.6913423937609234
0.8389454108818168
0.7880675632004391
0.8542461679746767
0.7851389093458864
0.8191223120297708
0.7906899878738092
0.7130450480552872
0.5530988384972265
0.4739806508633149
0.66794120421278
0.6661178699306983
0.7841591222845479
0.8213992060329446
0.7118807249480811
0.8729018994113635
0.8001111141075238
0.5083743358372645
0.5187678171341021
0.8105704493610489
0.8326387295881376
0.9023733727351595
0.8593308387385493
0.5776297752670758
0.712935187856566
0.8200381063089915
0.7752700980444163
0.7943920264940818
0.8052646859039908
0.6187065736925259
0.6881966169830315
0.6374483163998044
0.689671610212492
0.7729114671967208
0.5748690264218174
0.9401685728378594
0.722834765350431
0.5937353218873842
0.7129440676195141
0.9537201590301735
0.6327188778187103
0.8375327492094711
0.6631674989838378
0.8009010433532509
0.7867873195860314
0.6875363535803292
0.8233107312727835
0.885812446347517
0.5424980453020233
0.6603846378080802
0.8305658151944378
0.8348680594490921
0.813647844552132
0.5367304564437103
0.6970784704709073
0.70853045552695
0.7074966323583074
0.8973500455347119
0.8276984907749322
0.7369129823747628
0.8090547234427486
0.6280150933541154
0.8150720951337973
0.7570513872604737
0.6991580044321745
0.6450289451334741
0.7319082899461555
0.5865685740926576
0.7312974812173857
0.8475585144735774
0.6944337337537676
0.7312013679840085
0.7490237638784256
0.638821022826025
0.7719550956044529
0.6401201777965371
0.5012359875087122
0.5972349069498095
0.751573625170372
0.9062811065694271
0.7826938679717941
0.8706437534336802
0.6917535132999639
0.8905269742711586
0.7028033555358609
0.7549516839428599
0.6395821288484337
0.6510510654999789
0.7213042673190958
0.7630541270198248
0.8217046814230896
0.6599899224153264
0.6172990804158937
0.8617099352372568
0.822348112686257
0.911684573593378
0.6836394072801167
0.7458227024622728
0.6379399458343913
0.6300545885342641
0.7049934387079559
0.4858737712503798
0.7932583656314601
0.8800268515729875
0.8734707157506671
0.6826945201365193
0.7888104293531464
0.6544940486894724
0.9469088189637304
0.4897137677539714
0.7168944421640332
0.8039719936010434
0.776181639434345
0.741318172335304
0.6610321305991609
0.8206306046957141
0.43687647333908636
0.8941358791074158
0.675096206143538
0.6050789007772428
0.7438919588492124
0.8030833357856644
0.7699351632552667
0.7493638627031229
0.6360149179662928
0.7626824303861495
0.7390224752914891
0.621940381387745
0.7757930891649516
0.43128067673714165
0.8660978406453265
0.8624560161716147
0.6787292597436982
0.6192576545102494
0.7260319416411279
0.7600454749793475
0.7599784339911902
0.8194152173753034
0.6007218084765683
0.6793364053090274
0.5841718142974508
0.8526772564769309
0.7879063282874532
0.865522621187955
0.7675658067349024
0.7983274153820189
0.893890239462735
0.7558277842511244
0.8498832380325638
0.8500086635215766
0.8025677866657457
0.9257884107562779
0.8236501283588233
0.831309389425687
0.6901248795247971
0.8426902301086013
0.6299577601069402
0.6933528898151929
0.9336572047463212
0.6138263268169336
0.6667802684536993
0.7681774549936335
0.811527972539447
0.7910290249605457
0.5407634425532123
0.8327632997954982
0.6349324110119126
0.6652680529966543
0.8371744691056098
0.7702397545859393
0.7862929890748716
0.7945488763321146
0.699398591547028
0.7553330803714174
0.4994897593653451
0.8455572168802964
0.8256492301636214
0.7331982905729232
0.7358306400030216
0.7899759603532788
0.7912308833350886
0.8712209148984416
0.7383368846262792
0.8192385477672997
0.652442239421246
0.8436533722316986
0.7194056474345176
0.6148128676358564
0.8436316573948726
0.8594869059679365
0.5058895554020242
0.8602829009871239
0.6397367934601756
0.7413972841950589
0.6724739440342413
0.6397732877218026
0.5830101498509501
0.6283784677003212
0.6797638162634292
0.4304280085011397
0.8385358247503633
0.6368026896466781
0.6984774654222348
0.6249950997594461
0.8601238174953922
0.8018721529516456
0.6080035280709088
0.8309772342321253
0.7936976429183844
0.8151004725618537
0.779099570992349
0.8328905918762256
0.5794049841350649
0.6861232665495707
0.8417340815898257
0.5227314846721322
0.8100391212154021
0.5909142522768134
0.5435342778045356
0.8536713317101087
0.7963639024534032
0.8230465743459507
0.688078195782322
0.6913254139151483
0.6440482755400897
0.9521524752739745
0.8402412417136926
0.8325700433721327
0.8630036069511808
0.8181786823976217
0.7708349209519645
0.6467893177698089
0.7572415863003059
0.7163728992212519
0.6163074613427821
0.8925168885061631
0.7372893637196379
0.8347640425715411
0.8580318499148933
0.9126805666820592
0.7214970698841214
0.7012887837572942
0.9217047759987351
0.5335413932991588
0.7184543755853223
0.4986993100171269
0.5757305458882122
0.9125225914420072
0.6548665418323292
0.8514977586658092
0.7540200913308861
0.5672309504089837
0.9478996154370154
0.8636165803249555
0.46944735606411686
0.4272639569940105
0.7668530505683132
0.6428779188134618
0.7334567473050455
0.6567264220435765
0.9357804151078157
0.602312603841264
0.8810191303787249
0.9134284168271942
0.6796709597425658
0.6893435294495873
0.8694244497104211
0.6509744845460393
0.7516836541459441
0.5789771045373713
0.5882819884245042
0.8492238030868415
0.6363553798607982
0.506003994322465
0.5275753695529153
0.6649502194048003
0.5526273617057955
0.7891402869176324
0.5288943257856469
0.8525277315800635
0.7547638416346603
0.8111154275364714
0.764719731739593
0.878150541977122
0.6475767720191437
0.8499681859218045
0.8953623082100458
0.69273626859678
0.7222087572925424
0.47239814969815386
0.7086282003679204
0.7190958810318425
0.8275434347752265
0.6926525078125003
0.7328300670043459
0.7401805131021489
0.9109240079874058
0.6171316612278251
0.8228685162438337
0.7573373758090729
0.8196935732530727
0.6435773127507184
0.5438778911620623
0.9307381082633198
0.8357223647065414
0.8421492165210225
0.756980293400057
0.7537165437439551
0.7522424698374839
0.5078933667780168
0.8623702643939966
0.8304266612656289
0.4631599732392781
0.7892351880643537
0.8316667577212541
0.6109653453353993
0.9200506364440786
0.7992535369051731
0.8626064948024494
0.7875728033850371
0.7807604687896021
0.6545159315462536
0.6986534351940945
0.625619374776352
0.6064955362499126
0.6280864143871754
0.7576922352445076
0.6847760924445155
0.7459356400755408
0.7570325370716686
0.8308254881611712
0.6618230241997254
0.7696893871800611
0.8184580602757273
0.8473794179150205
0.7098094421061444
0.7060061974112023
0.7034462426761202
0.7904519271333028
0.5026266369832733
0.8027633865014959
0.9511117519330253
0.6232164282302934
0.5896834211809324
0.7252536611160785
0.748320901642833
0.5155146163735136
0.7098298745968633
0.5673033430393243
0.6899681940403953
0.5743957593506938
0.9115644750838506
0.6447376072286394
0.830770177271866
0.6452351143014324
0.7767567286251639
0.7856444098393772
0.4922791590943551
0.7877123408336427
0.7414286819968501
0.7872000495438004
0.9293603979223637
0.662985279011663
0.8825192491345306
0.800936140175593
0.873265166368166
0.6684270564943848
0.8379405838294718
0.8673473298630466
0.7655240907264887
0.6747758260045077
0.4589130197253726
0.48499232085234834
0.8352554399213642
0.7769315657129285
0.6541959887005143
0.7768871531116083
0.6632363366921685
0.8733182944374307
0.7050227919757255
0.721930873711774
0.7175331838590518
0.9143818252104366
0.6820317635551044
0.8359113382331621
0.7833257312026412
0.6373500382676776
0.7218137832092087
0.8658156745947646
0.7372903126978176
0.701558400671408
0.5858266614889301
0.7940947298092009
0.8989236246998611
0.7578297556302606
0.6828812693105138
0.5455696012013341
0.6918679630871715
0.6717259529226554
0.8684346856429521
0.5091838192758028
0.8356689016684061
0.5824425571204902
0.73958102727645
0.7936268061363566
0.8328376830442805
0.7589341178581017
0.7477969236273642
0.9210884884231306
0.7228200397303776
0.6299009312386261
0.7683994862928427
0.6450737306090966
0.6390925529695899
0.6375418255004567
0.7909678493378037
0.7529247938836785
0.8250231956252561
0.626783525228443
0.6271670923176763
0.8858488680427411
0.8143820834304321
0.753980960579308
0.9413838875518816
0.8225800894820762
0.6954194783690675
0.6184957162911794
0.8014298967976082
0.6726264870605467
0.7351144542388569
0.746174553726531
0.6204347275310482
0.6512699344727143
0.7373917984409241
0.8775004300098047
0.5460988043755093
0.8175424770838706
0.6670148464618602
0.7973866810294359
0.6491274230048792
0.8182735498286199
0.6189454941665669
0.7731375814804532
0.817680230898319
0.8972750217143323
0.6295407793263074
0.4770738349153558
0.784237665845857
0.5596559158862583
0.9106971213664459
0.7561677267872465
0.7998459492369042
0.9100684174004181
0.8896619058722871
0.7044624925398908
0.714042104019009
0.6815781311829956
0.7868950241109494
0.6018782062488205
0.8371087043676088
0.9191690394815848
0.772897869522288
0.8014508088436478
0.5162835678704885
0.7280162926135182
0.6359156829924539
0.5370774883842858
0.8963209912058737
0.7134246219609459
0.5805850141615939
0.7201238214103359
0.867343043953762
0.6981402285151923
0.6284899445126804
0.6383074720943874
0.648135413134318
0.8515625308719063
0.7261724996480171
0.5989117707148695
0.6538229530322087
0.8597664949190398
0.5646272474672248
0.6337769227962998
0.6425464845870873
0.8363696830843821
0.8014305421249864
0.7454677025116297
0.6899897282351097
0.7647278464206371
0.5408912307860304
0.5714670232625576
0.5533261537782805
0.8497522648584465
0.7732858444164582
0.7244042494712074
0.5289317607523497
0.80803588846175
0.7535515630470906
0.8518380966004765
0.7778958512088725
0.7278821593252381
0.44243887104752794
0.8215144712156678
0.5664308850971236
0.5690562028640188
0.704129696504365
0.8275410183899328
0.6339681503804547
0.632890642387256
0.6018748445932244
0.7947655394187672
0.7032891680266731
0.6348688499923788
0.6655931911785573
0.7540111211197409
0.6992296247722465
0.7042516216803968
0.5389734877595288
0.6844940646105504
0.44161942607836546
0.5105093776482101
0.666274795445873
0.5202780547963809
0.7351141747128482
0.6302946033422159
0.8850837551741905
0.7657788167305738
0.6894413855395257
0.823805941095375
0.671210572586448
0.7605137758193106
0.4346396961281095
0.8789900531097453
0.454538687156084
0.8338537061611568
0.8491077901542617
0.8439630196668572
0.6967648736085809
0.714709737563091
0.8284208029460577
0.8531620515027514
0.723167287766477
0.5864255563321034
0.68155371163816
0.6015500602426216
0.9096702699523901
0.8890192553674402
0.7989830892460024
0.8490606179348738
0.7940657062396502
0.7198268960543893
0.8613297453261273
0.8262477723319511
0.7717578484037514
0.6654114267614345
0.8387355152893012
0.838530889247349
0.7844568121433062
0.48761153775199495
0.7437918773563549
0.7275285800390932
0.906652578021257
0.5298768319070981
0.8339999070473603
0.4905574385327436
0.6930254031134933
0.8668864022809908
0.8308016670830768
0.9012374910491615
0.7036441242583242
0.5733102783017701
0.8154518877323494
0.830446050055506
0.5561036756798539
0.7937120165387215
0.5329638813259385
0.630716753268247
0.4986636192109615
0.8371834916463505
0.8772799014035241
0.6435431500247482
0.8811319332785923
0.7720947960450654
0.7482591078692025
0.7875175751267587
0.8072659004319839
0.8033305228889035
0.793921502081248
0.6192213519975471
0.6508684632986581
0.8860521098943622
0.926181973075458
0.6917117441114131
0.6776678342200567
0.4893055495848098
0.6971735066487732
0.789566578434276
0.8993424172449774
0.5788525372804991
0.8787507839667609
0.6999311885998745
0.605839344393847
0.769010942802627
0.7912665753463513
0.8536087713811101
0.6200492073564163
0.7752005374797979
0.7200518648008547
0.5494157678759393
0.6437006065375456
0.7864971789442612
0.6415595001798603
0.728784524969115
0.7112888491773606
0.8432282868095357
0.7987082481271705
0.7543036611897713
0.5944281334536353
0.767293495878136
0.6625577749433786
0.681064689782069
0.7540463850807206
0.5565885886082521
0.9268619636227899
0.8774150327745991
0.8462137464972853
0.5814231635561585
0.7408872092829609
0.6382667255822821
0.7102151261123096
0.6063686505742856
0.5748864664992337
0.8221024241654097
0.8321419749259203
0.7897256442046934
0.9543016852826071
0.6976999705455157
0.8479104094433154
0.8371721440230289
0.7686624690471616
0.6935056565311428
0.6437066528869138
0.7230327110160584
0.595710379103235
0.8191175790105308
0.49611523075943986
0.7252922886123087
0.6666264451100736
0.5681839359548532
0.8350631248270156
0.6749591268059653
0.7528039786443161
0.8138043059812685
0.6421524385212605
0.4434920281539592
0.6289796415230389
0.7745243564530222
0.8491195033141881
0.8429059982819359
0.8250430245958839
0.712675891235144
0.5588173449087264
0.7006376021888763
0.6593479931221976
0.7041926542665073
0.7627980598755362
0.6968351427280854
0.6955818960243378
0.5671181708301215
0.6091827437988044
0.8918503605526191
0.7621343677270755
0.847674523667602
0.7950196667595728
0.6240930985255152
0.546449493442304
0.650076844168399
0.7070286450634621
0.7250270314545226
0.6454552406116253
0.7830855887553627
0.8248466232964046
0.43982486065320514
0.6870554518599111
0.5826369760148332
0.5545790682018277
0.6971767797610281
0.4122440735705811
0.6965090279358259
0.7040611259013644
0.6375106883362062
0.6386539464033834
0.9126178284963408
0.7594335991104842
0.8250680085885668
0.5637420325598587
0.6365290327955677
0.8523955584012255
0.6868958471883192
0.823683603482177
0.6004789427750394
0.7974241802573678
0.6676027929726619
0.8530301834239398
0.744620647168508
0.6746889817256494
0.8140132490768288
0.48743495075900983
0.7067969827213494
0.6322191196499308
0.8412105093670459
0.548018553452735
0.8331712397520998
0.9411843664661281
0.6054045638720149
0.6888041322315814
0.8579974794702107
0.8375364965698283
0.8698598628082994
0.6648705842862772
0.5034964013461563
0.8602953545645086
0.9257667458336982
0.695750761265122
0.6578812602537014
0.7395735338709765
0.6054934807165585
0.8157851299089135
0.8527940340701664
0.8028509970302378
0.5039816304089041
0.6913837257351956
0.7323339915120542
0.7538409239721189
0.5423158899730198
0.727470823147893
0.8653830175615627
0.5467251663992297
0.9118228933663401
0.7960631250164653
0.6841944512473097
0.7042862932561906
0.7657613773609894
0.604399274029428
0.5572145732873883
0.6804917743615813
0.8113115250231628
0.7038573318203134
0.5436880061278112
0.6775658159948844
0.6974570508175469
0.7947972413169163
0.7302678266024903
0.7847822966393254
0.6688159977906664
0.719848032715841
0.48653180062100904
0.7396326177916547
0.515550081913441
0.49186801048423234
0.6484496393723481
0.650363953566786
0.6603978036339003
0.7002405965282281
0.6570786396172785
0.3820505521049927
0.6571833907680564
0.7082831359927843
0.717503650614375
0.654324714618521
0.5820626157462796
0.7681568945866534
0.6284116938219124
0.8724584299113376
0.843635789188893
0.839040190812189
0.9238749948445841
0.8887230875336671
0.9027045588037346
0.8052854833376647
0.8663077596323233
0.4785849306050489
0.7119193081658147
0.9220040807154807
0.8012771996054958
0.719806718758447
0.7456882313116537
0.7118813524646537
0.7684145415878136
0.5952102731166756
0.7408641241570757
0.6138705776794452
0.7805410524502436
0.7695809568250492
0.8659187502473318
0.868806623320853
0.7846775445185974
0.821224139144345
0.7432524700214413
0.7613798504419433
0.8564854252634938
0.7189134561032847
0.8396420428794914
0.8253198830288159
0.7350309132767058
0.780504429659885
0.6974386553153014
0.6644517923843796
0.9348779877457583
0.913068653406724
0.5756352236106986
0.8074414031794835
0.5853583139465319
0.7635100924438436
0.8210466416746965
0.8663840190159032
0.782186304600783
0.6706946403133556
0.9207236344418794
0.8549387461458616
0.7521687171384439
0.9201136628111785
0.9571954147343015
0.7778227095336923
0.5331720404246443
0.9371556047267299
0.6982863745873835
0.8819238554385973
0.7858168988931903
0.7341288022812146
0.7467851825427516
0.6872208742682049
0.5466663003647219
0.6185411165080136
0.513131967391496
0.6112006777314888
0.85929773053286
0.8064312709980214
0.7485137977917128
0.8422295649023807
0.7642277669588524
0.8856310986315984
0.8395150671943596
0.4996552341371791
0.7400892813488139
0.7784827573928629
0.7045734208530665
0.6883607462796504
0.5266518801095404
0.773998126745912
0.8183977776022138
0.7661439872184694
0.8939990885310185
0.744732061599193
0.8429602478125979
0.7015579571935172
0.7482297064169339
0.6454068065941408
0.9283702013601182
0.7260819888968482
0.722852531503543
0.7229145490412137
0.8622601393334752
0.6626280554815503
0.7295240768359335
0.5999640740280084
0.6501531256277185
0.7037760742021837
0.6980889150728244
0.60767875170426
0.7387385715339512
0.5236227017675836
0.5836038060114501
0.7349651239702489
0.6687794741160462
0.8556131481101401
0.9178088402953132
0.42131714558347216
0.8194764837693641
0.5678796898150428
0.6202379151683811
0.3881683023383161
0.7206113650822794
0.6738873496709449
0.839125169676211
0.564317411029507
0.8963148666986424
0.5109146287422387
0.6021659568915225
0.7741227271681048
0.8727676520464801
0.8409261739991144
0.5248541811301196
0.7154180514881259
0.796374278116883
0.5520757150247838
0.626193096331768
0.8799022975042059
0.8534339950760832
0.7243404538412617
0.6330957241392491
0.5026487626173006
0.755418905633719
0.6992175602735655
0.6116294517728558
0.6095275993892725
0.442659087147396
0.8229386847279246
0.6603002085047531
0.870633421988764
0.4354969199357928
0.9345521301905855
0.6420534632972174
0.6881747426248979
0.8339427067941775
0.5001528404371917
0.7817443597333885
0.6022790897394403
0.813884230680351
0.5010591995972903
0.811401439463667
0.595654031140984
0.8194431031054162
0.6788338155751491
0.7205401630627619
0.8976811074212979
0.7630723074989612
0.6033307621731779
0.8339826032855694
0.6651675375472943
0.7400783168981176
0.8514460078939807
0.5905091673109053
0.8452619127232353
0.757939247660567
0.6179463350790728
0.7994648917258488
0.6921935645627945
0.6062566523434859
0.6070564739125736
0.5084937629588896
0.7055937623908798
0.6899541966325327
0.5257285045737332
0.5827877074093609
0.4907956654999182
0.7278591647728418
0.9465369377030325
0.8764236100037025
0.5324026482157468
0.4995026788242162
0.7041082023357682
0.6831131521790538
0.5185193864238337
0.6372232966486995
0.4233026667033588
0.5205035038409367
0.6843152977040043
0.6611623543670513
0.6173149917676491
0.5187307962134713
0.7825614974558274
0.7561520657201846
0.7353517526233351
0.6068436199144571
0.910084413132073
0.7408930832576656
0.6279356343060515
0.6734629289421485
0.7385270544347302
0.6345852503558305
0.8580511110884871
0.7801464585271701
0.8511610335172493
0.582068495514573
0.7992623769788215
0.802232148782841
0.7685099286426686
0.7489337549948291
0.6629660619360843
0.7366126106624435
0.7317309439154339
0.5523406146826108
0.7504469880294156
0.8593757119948738
0.8332856145427225
0.8379937503525292
0.8468282536435905
0.8637663141126969
0.7801683889101697
0.8339134909904856
0.7830933379336358
0.5157394268873694
0.9396677269468506
0.7272996333552004
0.7286374236244411
0.7265410838978281
0.8237006821924976
0.8775589541769814
0.9101854468757051
0.8200581756196688
0.5574895650179635
0.8222803950479056
0.9397362121177669
0.5840310384205487
0.7754281840293754
0.831676144149344
0.7969716860008029
0.8376536456614335
0.8768931073292509
0.6289265773806613
0.6811126000518004
0.8917238573777472
0.6076366706928861
0.6466701379100651
0.7684978831240372
